2320000
2120000
2120001
2120003
2370001
2120007
2340001
2120009
2120011
2320004
2320006
2340004
2400001
2370002
2320011
2120018
2340006
2430001
2430002
2320013
2340008
2370003
2340007
2340009
2400004
2370004
2400006
2340010
2370005
2340011
2120020
2120022
2120019
2120021
2240000
2240001
2370006
2240003
2240002
2340012
2370007
2340013
2240004
2240006
2240005
2240009
2400011
2240011
2430006
2430003
2370008
2120002
2340014
2430000
2430007
2100000
2120024
2430010
2400009
2400012
2320014
2430008
2100018
2100002
2100000
2120024
2430010
2050010
2050011
2100032
2050035
2400024
2100028
2400029
2430021
2340021